{"cells":[{"cell_type":"code","execution_count":null,"metadata":{"id":"oftDpWkFc0sa"},"outputs":[],"source":["import numpy as np\n","from scipy.linalg import svd\n","\n","a=np.arange(1,26).reshape(5,5)\n","U,S,VT=svd(a)"]},{"cell_type":"code","execution_count":null,"metadata":{"colab":{"base_uri":"https://localhost:8080/"},"executionInfo":{"elapsed":6,"status":"ok","timestamp":1638286863469,"user":{"displayName":"SIJI JOSE 2009","photoUrl":"https://lh3.googleusercontent.com/a/default-user=s64","userId":"15763779644512420814"},"user_tz":-330},"id":"MxHNSTVUdar0","outputId":"20df94dc-14ba-4855-d8be-08ba4150bcb0"},"outputs":[{"data":{"text/plain":["array([[-0.09359323, -0.76892152,  0.61130515,  0.0196316 , -0.16099879],\n","       [-0.24363203, -0.49055421, -0.5142169 , -0.45682855,  0.4763283 ],\n","       [-0.39367083, -0.2121869 , -0.3594458 ,  0.81870773, -0.02272392],\n","       [-0.54370962,  0.06618041, -0.18367831, -0.34545623, -0.73954194],\n","       [-0.69374842,  0.34454772,  0.44603585, -0.03605456,  0.44693633]])"]},"execution_count":8,"metadata":{},"output_type":"execute_result"}],"source":["U"]},{"cell_type":"code","execution_count":null,"metadata":{"colab":{"base_uri":"https://localhost:8080/"},"executionInfo":{"elapsed":23,"status":"ok","timestamp":1638287235732,"user":{"displayName":"SIJI JOSE 2009","photoUrl":"https://lh3.googleusercontent.com/a/default-user=s64","userId":"15763779644512420814"},"user_tz":-330},"id":"iCmJtRGKhusZ","outputId":"af47c586-bb2e-4aa4-f8e0-8652c5835b19"},"outputs":[{"data":{"text/plain":["array([7.42540539e+01, 3.36681954e+00, 2.98266488e-15, 1.53916447e-15,\n","       2.08136977e-16])"]},"execution_count":9,"metadata":{},"output_type":"execute_result"}],"source":["S"]},{"cell_type":"code","execution_count":10,"metadata":{"colab":{"base_uri":"https://localhost:8080/"},"executionInfo":{"elapsed":1142,"status":"ok","timestamp":1638287603100,"user":{"displayName":"SIJI JOSE 2009","photoUrl":"https://lh3.googleusercontent.com/a/default-user=s64","userId":"15763779644512420814"},"user_tz":-330},"id":"JtKNbWBAhwDB","outputId":"aba46e20-2673-42a5-d079-88d48d065949"},"outputs":[{"data":{"text/plain":["array([[-0.39262281, -0.41913118, -0.44563955, -0.47214793, -0.4986563 ],\n","       [ 0.667718  ,  0.35260325,  0.0374885 , -0.27762625, -0.592741  ],\n","       [ 0.5359956 , -0.50603463, -0.52349916,  0.42111979,  0.0724184 ],\n","       [-0.33541664,  0.36000724, -0.21070021,  0.68304527, -0.49693566],\n","       [ 0.01429645, -0.56064583,  0.69394096,  0.23686977, -0.38446135]])"]},"execution_count":10,"metadata":{},"output_type":"execute_result"}],"source":["VT"]},{"cell_type":"code","execution_count":11,"metadata":{"executionInfo":{"elapsed":1511,"status":"ok","timestamp":1638287683452,"user":{"displayName":"SIJI JOSE 2009","photoUrl":"https://lh3.googleusercontent.com/a/default-user=s64","userId":"15763779644512420814"},"user_tz":-330},"id":"3RWVNq5Qh4id"},"outputs":[],"source":["U,S,VT=svd(a,full_matrices=True)"]},{"cell_type":"code","execution_count":12,"metadata":{"colab":{"base_uri":"https://localhost:8080/"},"executionInfo":{"elapsed":1266,"status":"ok","timestamp":1638287693928,"user":{"displayName":"SIJI JOSE 2009","photoUrl":"https://lh3.googleusercontent.com/a/default-user=s64","userId":"15763779644512420814"},"user_tz":-330},"id":"ROKh2FskjcxH","outputId":"5166cb72-8469-4855-fc14-64907a25e371"},"outputs":[{"data":{"text/plain":["array([[-0.09359323, -0.76892152,  0.61130515,  0.0196316 , -0.16099879],\n","       [-0.24363203, -0.49055421, -0.5142169 , -0.45682855,  0.4763283 ],\n","       [-0.39367083, -0.2121869 , -0.3594458 ,  0.81870773, -0.02272392],\n","       [-0.54370962,  0.06618041, -0.18367831, -0.34545623, -0.73954194],\n","       [-0.69374842,  0.34454772,  0.44603585, -0.03605456,  0.44693633]])"]},"execution_count":12,"metadata":{},"output_type":"execute_result"}],"source":["U"]},{"cell_type":"code","execution_count":13,"metadata":{"colab":{"base_uri":"https://localhost:8080/"},"executionInfo":{"elapsed":394,"status":"ok","timestamp":1638287731542,"user":{"displayName":"SIJI JOSE 2009","photoUrl":"https://lh3.googleusercontent.com/a/default-user=s64","userId":"15763779644512420814"},"user_tz":-330},"id":"LeGiyqpojk0b","outputId":"21ab5d3f-a696-4f60-b9e2-46350710739c"},"outputs":[{"data":{"text/plain":["array([[-0.09359323, -0.76892152,  0.61130515,  0.0196316 , -0.16099879],\n","       [-0.24363203, -0.49055421, -0.5142169 , -0.45682855,  0.4763283 ],\n","       [-0.39367083, -0.2121869 , -0.3594458 ,  0.81870773, -0.02272392],\n","       [-0.54370962,  0.06618041, -0.18367831, -0.34545623, -0.73954194],\n","       [-0.69374842,  0.34454772,  0.44603585, -0.03605456,  0.44693633]])"]},"execution_count":13,"metadata":{},"output_type":"execute_result"}],"source":["U,S,VT=svd(a,full_matrices=False)\n","U"]},{"cell_type":"code","execution_count":null,"metadata":{"colab":{"background_save":true},"id":"cbawudcpjuX7"},"outputs":[{"data":{"text/plain":["array([[ 1.,  2.,  3.,  4.,  5.],\n","       [ 6.,  7.,  8.,  9., 10.],\n","       [11., 12., 13., 14., 15.],\n","       [16., 17., 18., 19., 20.],\n","       [21., 22., 23., 24., 25.]])"]},"execution_count":null,"metadata":{},"output_type":"execute_result"}],"source":["from numpy import diag\n","from numpy import dot\n","a=(U@np.diag(S)@VT)\n","a"]},{"cell_type":"code","execution_count":null,"metadata":{"id":"8Qy9dl13kPrb"},"outputs":[],"source":[""]}],"metadata":{"colab":{"authorship_tag":"ABX9TyPvdN6Cg7ICK2DDPC2rpPBO","collapsed_sections":[],"name":"SVD.ipynb","version":""},"kernelspec":{"display_name":"Python 3","name":"python3"},"language_info":{"name":"python"}},"nbformat":4,"nbformat_minor":0}